layout_spectrum: 0.434479
color:
  saturation: 0.9999835
  lightness: 0.6415653
  brandStrength: 0.00370953
  rhythmicContrast: 0.397345
typography_spectrum: 0.2759341
name: Security News
